Webots Project File version R2021a
perspectives: 000000ff00000000fd00000003000000000000024a000003e8fc0100000003fc00000000ffffffff0000000000fffffffc0200000001fb00000012005300630065006e006500540072006500650100000019000003f10000000000000000fb0000001a0044006f00630075006d0065006e0074006100740069006f006e0000000000ffffffff0000006900fffffffb0000001e00480074006d006c0052006f0062006f007400570069006e0064006f007700000000000000024a0000006900ffffff00000001000003e300000282fc0200000001fb0000001400540065007800740045006400690074006f0072010000001a000002820000008700ffffff000000030000078000000164fc0100000002fb0000000e0043006f006e0073006f006c006501000000000000073f0000000000000000fb0000001a0043006f006e0073006f006c00650041006c006c0041006c006c0100000000000007800000006900ffffff0000039b0000028200000004000000040000000100000008fc00000000
simulationViewPerspectives: 000000ff0000000100000002000000fa0000004e0100000002010000000101
sceneTreePerspectives: 000000ff0000000100000002000000c0000001120100000002010000000201
minimizedPerspectives: 000000ff00000000fd00000003000000000000024a000003ecfc0100000003fc00000000ffffffff0000000000fffffffc0200000001fb00000012005300630065006e006500540072006500650100000019000003f10000000000000000fb0000001e00480074006d006c0052006f0062006f007400570069006e0064006f007700000000000000024a0000000000000000fb0000001a0044006f00630075006d0065006e0074006100740069006f006e0000000000ffffffff0000006900ffffff00000001000002ba00000311fc0200000001fb0000001400540065007800740045006400690074006f0072010000001a000003110000008700ffffff0000000300000781000000d9fc0100000002fb0000000e0043006f006e0073006f006c006501000000000000073f0000000000000000fb0000001a0043006f006e0073006f006c00650041006c006c0041006c006c0100000000000007810000006900ffffff000004c50000031100000004000000040000000100000008fc00000000
maximizedDockId: -1
centralWidgetVisible: 1
renderingMode: PLAIN
orthographicViewHeight: 1
textFiles: 0 "controllers/nao_test/nao_test.cpp" "controllers/nao_test/motions.h" "controllers/nao_test/motions.cpp" "controllers/nao_test/utilities.h" "controllers/nao_test/utilities.cpp" "controllers/nao_test/globals.h" "controllers/nao_test/genetics.h" "controllers/nao_test/genetics.cpp"
consoles: Console:All:All
renderingDevicePerspectives: NAO:CameraBottom;0;0.266667;0;0
renderingDevicePerspectives: NAO:CameraTop;1;0.266667;0;0
